0 0 0 0 0 0 0 0 0 0 0 0 0 0 0 0 0 0 0 0 0 0 0 0 
0 0 0 0 0 0 536 537 538 0 0 0 0 0 0 536 537 538 0 0 0 0 0 0 
0 0 0 0 0 0 562 563 564 0 0 0 0 0 0 562 563 564 0 0 0 0 0 0 
0 0 0 0 0 0 0 0 0 0 0 0 0 0 0 0 0 0 0 0 0 569 570 571 
0 0 0 0 3 0 0 0 0 0 0 0 0 0 0 0 0 0 0 0 0 21 22 23 
0 0 0 28 29 0 0 0 0 31 32 33 34 36 37 38 39 0 0 0 0 48 49 50 
51 51 51 54 55 51 51 51 51 58 59 60 61 62 63 64 65 51 51 51 51 74 75 76 
51 78 80 51 51 51 51 51 51 51 51 51 51 51 51 51 51 51 51 51 51 51 51 51 
51 105 106 51 51 51 51 51 51 51 51 51 51 51 51 51 51 51 51 51 51 51 51 51 
51 132 133 51 51 51 51 51 51 51 51 51 51 51 51 51 51 51 51 51 51 51 51 51 
51 159 160 51 51 51 51 51 51 51 51 51 51 51 51 51 51 51 51 51 51 51 51 51 
51 51 51 51 51 51 51 51 51 51 51 51 51 51 51 51 51 51 51 51 51 51 51 51 
51 51 51 51 51 51 51 51 51 51 51 51 51 51 51 51 51 51 51 51 51 51 51 51 
51 51 51 51 51 51 51 51 51 51 51 51 51 51 199 200 202 203 51 51 51 51 51 51 
51 51 51 51 51 51 51 51 51 51 51 51 225 51 227 228 229 230 51 232 51 51 51 51 
51 51 51 51 51 51 51 51 51 51 51 51 251 252 253 254 255 256 258 259 51 51 51 51 
51 51 51 51 51 51 350 51 51 51 51 51 277 51 280 281 282 283 284 285 51 51 51 51 
51 51 51 51 374 375 376 377 378 51 51 51 304 305 306 307 308 309 310 311 51 51 51 51  
51 51 51 51 400 402 403 404 405 51 51 51 330 331 332 333 336 337 338 339 51 51 51 51 
51 51 51 51 51 428 429 430 51 51 51 51 358 359 360 361 362 362 364 365 51 51 51 51 
51 51 51 51 51 51 456 51 51 51 51 51 51 51 51 51 51 51 51 51 51 51 51 51  
51 51 51 51 51 51 51 51 51 51 51 51 51 51 51 51 51 51 51 51 51 51 51 51  
51 51 51 51 51 51 51 51 51 51 51 51 51 51 51 51 51 51 51 51 51 51 51 51 
51 51 51 51 51 51 51 51 51 51 51 51 51 51 51 51 51 51 51 51 51 51 51 51 