0 0 0 0 0 0 0 0 0 0 0 0 0 0 0 0 0 0 0 0 0 0 0 0
0 0 0 0 0 106 107 0 0 0 0 0 0 0 0 0 108 109 110 0 0 0 0 0
0 0 0 0 0 111 112 0 0 0 0 0 0 0 0 0 113 114 115 0 0 0 0 0
0 0 0 0 0 0 0 0 0 0 0 0 0 0 0 0 0 0 0 0 0 116 117 118
0 0 0 0 1 0 0 0 0 0 0 0 0 0 0 0 0 0 0 0 0 5 6 7
0 0 0 0 9 0 10 11 12 13 14 15 16 17 0 0 0 0 0 0 0 18 19 20
21 21 21 22 23 21 24 25 26 27 28 29 30 31 21 21 21 21 21 21 21 32 33 34
21 35 36 21 21 21 21 21 21 21 21 21 21 21 21 21 21 21 21 21 21 21 21 21
21 37 38 21 21 21 21 21 21 21 21 21 21 21 21 21 21 21 21 21 21 21 21 21
21 39 40 21 21 21 21 21 21 21 21 21 21 21 21 21 21 21 21 21 21 21 21 21
21 41 42 21 21 21 21 21 21 21 21 21 21 21 21 21 21 21 21 21 21 21 21 21
21 21 21 21 21 21 21 21 21 21 21 21 21 43 44 45 46 21 21 21 21 21 21 21
21 21 21 21 21 21 21 21 21 21 21 47 21 48 49 50 51 21 52 21 21 21 21 21
21 21 21 21 21 21 21 21 21 21 21 53 54 55 56 57 58 59 60 21 21 21 21 21
21 21 21 21 21 21 21 21 21 21 21 61 21 62 63 64 65 66 67 21 21 21 21 21
21 21 21 21 21 21 21 21 21 21 21 68 69 70 71 72 73 74 75 21 21 21 21 21
21 21 21 21 21 21 21 21 21 21 21 76 21 77 78 79 80 81 82 21 21 21 21 21
21 21 21 21 21 83 21 21 21 21 21 84 85 86 87 88 89 90 91 21 21 21 21 21
21 21 21 92 93 94 95 96 21 21 21 21 21 21 21 21 21 21 21 21 21 21 21 21
21 21 21 97 98 99 100 101 21 21 21 21 21 21 21 21 21 21 21 21 21 21 21 21
21 21 21 21 102 103 104 21 21 21 21 21 21 21 21 21 21 21 21 21 21 21 21 21
21 21 21 21 21 105 21 21 21 21 21 21 21 21 21 21 21 21 21 21 21 21 21 21
21 21 21 21 21 21 21 21 21 21 21 21 21 21 21 21 21 21 21 21 21 21 21 21
21 21 21 21 21 21 21 21 21 21 21 21 21 21 21 21 21 21 21 21 21 21 21 21
