13 13 13 13 13 13 13 13 13 13 13 13 13 13 13 13 13 13 13 13 13 13 13 13 13 13 13 13 13 13 13 13
12 12 12 12 12 12 12 12 12 12 12 12 12 12 12 12 12 12 12 12 12 12 12 12 12 12 12 12 12 12 12 12 
24 12 12 12 12 12 12 12 12 12 12 12 12 12 12 12 12 28 26 26 26 26 26 26 26 26 26 26 26 26 26 24 
31 29 29 24 12 12 12 12 12 12 12 12 12 12 12 28 29 31 31 31 31 31 31 31 31 31 31 31 31 31 31 31 
31 31 31 31 29 29 29 24 12 12 12 28 29 29 29 31 31 31 31 31 31 31 31 31 31 31 31 31 31 31 31 31 
31 31 31 31 31 31 31 31 29 29 29 31 31 31 31 31 31 31 31 31 31 31 31 31 31 31 31 31 31 31 31 31 
31 31 31 31 31 31 31 31 31 31 31 31 31 31 31 31 31 31 31 31 31 31 31 31 31 31 31 31 31 31 31 31 
31 31 31 31 31 31 31 31 31 31 31 31 31 31 31 31 31 31 31 31 31 31 31 31 31 31 31 31 31 31 31 31 
31 31 31 31 31 31 31 31 31 31 31 31 31 31 31 31 31 31 31 31 31 31 31 31 31 31 31 31 31 31 31 31 
31 31 31 31 31 31 31 31 31 31 31 31 31 31 31 31 31 31 31 31 31 31 31 31 31 31 31 31 31 31 31 31 
31 31 31 31 31 31 31 31 31 31 31 31 31 31 31 31 31 31 31 31 31 31 31 31 31 31 31 31 31 31 31 31 
31 31 31 31 31 31 31 31 31 31 31 31 31 31 31 31 31 31 31 31 31 31 31 31 31 31 31 31 31 31 31 31 
31 31 31 31 31 31 31 31 31 31 31 31 31 31 31 31 31 31 31 31 31 31 31 31 31 31 31 31 31 31 31 31 
31 31 31 31 31 31 31 31 31 31 31 31 31 31 31 31 31 31 31 31 31 31 31 31 31 31 31 31 31 31 31 31 
31 31 31 31 31 31 31 31 31 31 31 31 31 31 31 31 31 31 31 31 31 31 31 31 31 31 31 31 31 31 31 31 
31 31 30 30 30 30 30 30 30 30 0 11 7 31 31 31 31 31 31 31 31 31 31 31 31 31 31 31 31 31 31 31  
30 23 14 14 14 14 14 14 14 14 4 1 9 25 25 31 31 31 31 31 31 31 31 31 31 31 31 31 31 31 31 31  
14 14 14 14 14 14 14 14 14 14 4 1 9 14 14 27 30 30 31 31 31 31 31 31 31 31 31 31 31 31 31 31 
18 14 14 14 14 14 14 14 14 14 4 1 9 14 14 14 14 14 27 30 30 30 30 30 30 30 30 30 30 30 30 23 
14 14 14 14 20 15 14 14 14 14 4 1 9 14 14 14 14 14 14 14 14 14 14 14 14 14 14 14 14 14 14 14 
15 14 14 14 14 14 14 14 14 14 3 10 6 14 14 14 14 14 14 14 14 14 14 14 14 14 14 14 14 14 14 20 
14 14 14 14 14 14 14 14 14 14 14 14 14 14 14 14 14 14 14 14 14 14 14 14 14 14 14 14 14 14 14 14  
14 14 14 14 14 14 14 14 20 15 14 14 14 14 14 14 20 15 14 14 14 14 14 14 14 14 20 18 14 14 14 17
15 14 14 14 14 14 14 14 14 14 14 14 14 14 14 14 14 14 14 14 14 14 14 14 14 14 14 14 14 14 14 14
14 14 14 14 14 14 14 14 14 14 14 14 14 14 14 14 14 14 14 14 14 14 14 14 14 14 14 14 14 14 14 17
14 14 14 14 14 14 14 14 14 14 14 14 14 20 15 14 14 14 14 14 14 14 14 14 14 20 15 14 14 14 14 14
15 14 14 20 15 14 14 14 14 14 14 14 14 14 14 14 14 14 14 14 14 14 14 14 14 14 14 14 14 14 14 14
15 14 14 14 14 14 14 14 14 14 14 14 14 14 14 14 14 14 14 14 14 14 14 14 14 14 14 14 14 14 14 14
15 14 14 14 14 14 14 14 14 14 14 14 14 14 14 14 14 14 14 14 14 14 14 14 14 14 14 14 14 14 14 17
18 14 14 14 14 14 14 14 14 14 14 14 14 14 14 14 14 14 14 14 20 18 14 14 14 14 14 14 14 14 14 20
18 14 14 14 14 14 14 14 14 14 14 14 14 14 14 14 14 14 14 14 14 14 14 14 14 14 14 14 14 14 14 20
22 14 14 14 14 14 21 22 14 14 14 14 14 14 14 14 14 14 14 14 14 14 14 14 14 14 19 14 14 16 16 21