0 0 0 0 0 0 0 0 0 0 0 0 0 0 0 0 0 0 0 0 0 0 0 0
0 0 0 0 0 48 52 56 0 0 0 0 0 0 0 0 0 97 108 109 0 0 0 0
0 0 0 0 0 124 125 126 0 0 0 0 0 0 0 0 0 127 128 129 0 0 0 0
0 0 0 0 0 130 131 132 0 0 0 0 0 0 133 134 0 135 136 137 0 0 0 0
0 0 0 0 0 138 1 2 0 0 0 0 0 0 3 4 0 5 6 7 0 0 0 0
0 0 0 0 0 0 0 0 0 0 0 0 0 0 8 9 10 11 12 13 14 0 0 0
15 15 15 15 15 15 15 15 15 15 15 15 15 15 16 17 18 19 20 21 22 23 24 15
15 15 15 15 15 15 15 15 15 15 15 15 15 15 15 15 15 15 15 15 15 27 28 15
15 15 15 15 15 25 26 15 15 15 15 15 15 15 15 15 15 15 15 15 15 35 36 15
29 30 15 15 31 32 33 34 15 15 15 15 15 15 15 15 15 15 15 15 15 43 44 15
37 38 15 15 39 40 41 42 15 15 15 15 15 15 15 15 15 15 15 15 15 15 15 15
15 15 15 15 15 45 46 15 15 15 15 15 15 15 15 15 15 15 15 15 15 15 15 15
15 15 15 15 15 47 49 15 15 15 15 15 15 15 50 51 53 54 55 15 15 15 15 15
15 15 15 15 15 15 15 15 15 15 15 15 15 15 57 58 59 60 61 15 15 15 15 15
15 15 15 15 15 15 15 15 15 15 15 15 15 15 62 63 64 65 66 15 15 15 15 15
15 15 15 15 15 15 15 15 15 15 15 15 67 68 69 70 71 72 73 74 75 76 15 15
15 15 15 15 15 15 15 15 15 15 15 15 77 78 79 80 81 82 83 84 85 86 15 15
15 15 15 15 15 15 15 15 15 15 15 15 87 88 89 90 91 92 93 94 95 96 15 15
15 15 15 15 15 15 15 15 15 15 15 15 98 99 100 101 102 103 104 105 106 107 15 15
15 15 15 15 15 15 15 15 15 15 15 15 15 15 110 111 112 113 114 15 15 15 15 15
15 15 15 15 15 15 15 15 15 15 15 15 15 15 115 116 117 118 119 15 15 15 15 15
15 15 15 15 15 15 15 15 15 15 15 15 15 15 120 121 122 123 66 15 15 15 15 15
15 15 15 15 15 15 15 15 15 15 15 15 15 15 15 15 15 15 15 15 15 15 15 15
15 15 15 15 15 15 15 15 15 15 15 15 15 15 15 15 15 15 15 15 15 15 15 15
