0 0 0 0 0 46 50 54 0 0 0 0 0 0 0 0 95 50 54 0 0 0 0 0
0 0 0 0 0 122 123 124 0 0 0 0 0 0 0 0 125 126 127 0 0 0 0 0
0 0 0 0 0 128 129 130 0 0 0 0 0 0 0 0 133 134 135 0 0 0 0 0
0 0 0 0 0 136 1 2 0 0 0 0 0 0 131 132 5 6 7 0 0 0 0 0
0 0 0 0 8 0 0 0 0 0 0 0 0 0 3 4 0 0 0 0 0 0 0 0
0 0 0 0 0 0 0 0 0 0 0 0 0 0 8 9 10 11 12 13 0 0 0 0
14 14 14 14 14 14 14 14 14 14 14 14 14 14 15 16 17 18 19 20 27 14 14 14
14 14 14 14 14 21 22 14 14 14 14 14 14 14 14 14 14 14 14 14 14 23 24 14
25 26 14 14 27 28 29 30 14 14 14 14 14 14 14 14 14 14 14 14 14 31 32 14
33 34 14 14 35 36 37 38 14 14 14 14 14 14 14 14 14 14 14 14 14 39 40 14
14 14 14 14 14 41 42 14 14 14 14 14 14 14 14 14 14 14 14 14 14 43 44 14
14 14 14 14 14 45 47 14 14 14 14 14 14 14 14 14 14 14 14 14 14 14 14 14
14 14 14 14 14 14 14 14 14 14 14 14 14 14 48 49 51 52 53 14 14 14 14 14
14 14 14 14 14 14 14 14 14 14 14 14 14 14 55 56 57 58 59 14 14 14 14 14
14 14 14 14 14 14 14 14 14 14 14 14 14 14 60 61 62 63 64 14 14 14 14 14
14 14 14 14 14 14 14 14 14 14 14 14 65 66 67 68 69 70 71 72 73 74 14 14
14 14 14 14 14 14 14 14 14 14 14 14 75 76 77 78 79 80 81 82 83 84 14 14
14 14 14 14 14 14 14 14 14 14 14 14 85 86 87 88 89 90 91 92 93 94 14 14
14 14 14 14 14 14 14 14 14 14 14 14 96 97 98 99 100 101 102 103 104 84 14 14
14 14 14 14 14 14 14 14 14 14 14 14 14 14 107 108 109 110 111 14 14 14 14 14
14 14 14 14 14 14 14 14 14 14 14 14 14 14 112 113 114 115 116 14 14 14 14 14
14 14 14 14 14 14 14 14 14 14 14 14 14 14 117 118 119 120 121 14 14 14 14 14
14 14 14 14 14 14 14 14 14 14 14 14 14 14 14 14 14 14 14 14 14 14 14 14
14 14 14 14 14 14 14 14 14 14 14 14 14 14 14 14 14 14 14 14 14 14 14 14
