0 0 0 0 0 0 0 0 0 0 0 0 0 0 0 0 0 0 0 0 0 0 0 0
0 0 0 0 0 0 0 0 0 0 0 0 0 0 0 0 0 0 0 0 0 0 0 0
0 0 0 0 0 0 0 0 0 0 0 0 0 0 0 0 0 0 0 0 0 0 0 0
0 0 0 0 0 0 0 0 0 0 0 0 0 0 0 0 0 0 0 0 0 0 0 0
0 0 0 130 1 0 0 0 0 0 0 0 0 2 3 0 0 0 0 0 4 5 0 0
0 0 0 6 7 0 0 0 8 9 0 0 0 10 11 0 0 12 13 0 14 15 0 0
16 16 16 17 18 16 16 16 19 20 16 16 16 21 22 16 23 24 25 16 26 27 16 16
16 28 29 30 31 16 32 33 34 35 36 37 16 16 16 16 16 16 16 16 16 16 16 16
16 40 41 16 16 16 42 43 44 44 44 45 16 16 16 16 16 16 38 39 16 16 16 16
16 51 52 16 16 16 54 55 56 57 58 59 16 16 16 16 46 16 47 48 16 50 16 16
16 66 67 16 16 16 69 70 71 72 73 74 16 16 16 16 60 61 62 63 64 65 16 16
16 16 16 16 16 16 81 82 83 84 85 86 16 16 16 16 75 76 77 78 79 80 16 16
16 16 16 16 16 16 16 91 92 93 94 16 16 16 16 16 16 87 88 89 90 16 16 16
97 98 99 16 16 16 16 16 16 16 16 16 16 16 16 16 16 16 95 95 16 16 16 16
100 101 102 16 16 16 16 16 16 16 16 16 16 16 16 16 16 16 16 16 16 16 16 16
97 103 104 16 16 16 16 16 16 16 16 16 16 16 16 16 16 16 16 16 16 16 16 16
105 106 107 16 16 16 16 16 16 16 16 16 16 16 16 16 16 16 16 16 16 16 16 16
108 109 110 111 16 16 16 16 16 16 16 16 16 16 16 16 16 16 16 16 16 16 16 16
112 113 114 115 16 16 16 16 16 16 16 16 16 16 16 16 16 16 16 16 16 16 16 16
16 116 117 16 16 16 16 16 16 16 16 16 16 16 16 16 16 16 16 16 16 16 16 16
118 119 120 16 16 16 16 16 16 16 16 16 16 16 16 16 16 16 16 16 16 16 16 16
121 122 123 16 16 16 16 16 16 16 16 16 16 16 16 16 16 16 16 16 16 16 16 16
124 125 126 16 16 16 16 16 16 16 16 16 16 16 16 16 16 16 16 16 16 16 16 16
127 128 129 16 16 16 16 16 16 16 16 16 16 16 16 16 16 16 16 16 16 16 16 16
