0 0 0 0 0 0 0 0 0 0 0 0 0 0 0 0 0 0 0 0 0 0 0 0 
0 0 0 0 0 0 0 0 0 0 0 0 0 0 0 0 0 0 0 0 0 0 0 0 
0 0 0 0 0 0 0 0 0 0 0 0 0 0 0 0 0 0 0 0 0 0 0 0 
0 0 0 0 0 0 0 0 0 0 0 0 0 0 0 0 0 0 0 0 0 0 0 0 
0 0 0 81 3 0 0 0 0 0 0 0 0 0 12 14 0 0 0 0 0 21 22 0 
0 0 0 28 29 0 0 0 0 34 36 0 0 0 39 40 0 0 43 44 45 48 49 0 
51 51 51 54 55 51 51 51 51 61 62 51 51 51 65 66 51 51 70 71 72 74 75 51 
51 78 80 51 51 51 51 85 86 87 88 89 91 51 51 51 51 51 51 51 51 51 51 51 
51 105 106 51 51 51 51 111 114 115 116 117 118 51 51 51 51 51 97 98 51 51 51 51 
51 132 133 51 51 51 51 139 140 141 142 143 144 51 51 51 122 51 125 126 127 128 51 51 
51 159 160 51 51 51 51 165 166 167 169 170 171 51 51 51 149 150 151 152 153 154 51 51 
51 51 51 51 51 51 51 192 193 194 195 196 197 51 51 51 175 176 177 178 160 181 51 51 
51 51 51 51 51 51 51 51 219 219 221 222 51 51 51 51 51 203 204 205 206 51 51 51 
51 51 51 51 51 51 51 51 51 51 51 51 51 51 51 51 51 51 51 51 51 51 51 51 
238 239 240 51 51 51 51 51 51 51 51 51 51 51 51 51 51 51 51 51 51 51 51 51 
264 265 266 51 51 51 51 51 51 51 51 51 51 51 51 51 51 51 51 51 51 51 51 51 
51 292 293 51 51 51 51 51 51 51 51 51 51 51 51 51 51 51 51 51 51 51 51 51 
51 51 51 51 51 51 51 51 51 51 51 51 51 51 51 51 51 51 51 51 51 51 51 51 
317 318 319 320 51 51 51 51 51 51 51 51 51 51 51 51 51 51 51 51 51 51 51 51 
344 345 347 348 51 51 51 51 51 51 51 51 51 51 51 51 51 51 51 51 51 51 51 51 
371 372 373 374 51 51 51 51 51 51 51 51 51 51 51 51 51 51 51 51 51 51 51 51 
424 425 426 427 51 51 51 51 51 51 51 51 51 51 51 51 51 51 51 51 51 51 51 51 
451 452 453 454 51 51 51 51 51 51 51 51 51 51 51 51 51 51 51 51 51 51 51 51 
477 478 480 481 51 51 51 51 51 51 51 51 51 51 51 51 51 51 51 51 51 51 51 51 