26 26 26 26 26 26 26 26 26 26 26 26 26 26 26 26 
25 25 25 25 25 25 25 25 25 25 25 25 25 25 25 25 
24 24 24 24 24 21 24 24 24 24 24 24 24 24 24 24 
5 10 13 16 17 22 0 0 4 0 0 4 0 0 4 0 
7 11 14 20 18 23 0 0 6 0 0 6 0 0 6 0
0 0 0 0 0 0 0 0 8 0 0 8 0 0 8 0
0 0 0 0 0 0 0 0 0 0 0 0 0 0 0 0
0 0 4 0 0 4 0 0 4 0 0 4 0 0 4 0 
0 0 6 0 0 6 0 0 6 0 0 6 0 0 6 0 
0 0 8 0 0 8 0 0 8 0 0 8 0 0 8 0 
0 0 0 0 0 0 0 0 0 0 0 0 0 0 0 0 
0 0 4 0 0 4 0 0 4 0 0 4 0 0 4 0 
0 0 6 0 0 6 0 0 6 0 0 6 0 0 6 0 
0 0 8 0 0 8 0 0 8 0 0 8 0 0 8 0 
0 0 0 0 0 0 0 0 0 0 0 0 0 0 0 0  
0 0 0 0 0 0 0 0 0 0 0 0 0 0 0 0 