0 0 0 0 0 0 0 0 0 0 0 0 0 0 0 0 0 0 0 0 0 0 0 0
0 0 0 0 0 224 235 246 0 0 0 0 0 0 0 0 323 335 346 0 0 0 0 0
0 0 0 0 0 536 537 538 0 0 0 0 0 0 0 0 490 537 512 0 0 0 0 0
0 547 0 0 0 552 553 555 0 0 0 0 0 0 0 0 562 563 564 567 568 569 570 571
0 573 0 0 0 0 0 0 0 0 0 9 10 0 12 14 0 0 0 19 20 21 22 23
0 26 0 0 0 0 0 0 0 0 34 36 37 38 39 40 0 0 0 45 47 48 49 50
67 52 53 67 67 67 67 67 67 67 67 62 63 64 65 66 67 67 67 72 73 74 75 76
67 78 80 81 82 67 67 67 67 67 67 67 67 67 67 67 67 67 67 67 67 67 67 67
67 105 106 107 108 67 67 67 67 67 67 67 67 67 67 67 67 67 67 67 67 67 67 67
67 67 67 67 67 67 67 67 67 67 67 67 67 67 67 67 67 67 67 67 67 67 67 67
67 67 67 67 67 67 67 67 67 67 67 67 67 67 67 67 67 67 67 67 67 67 67 67
67 67 67 67 188 189 191 192 193 67 67 67 67 67 67 67 67 67 67 67 67 67 67 67
67 67 67 67 215 216 217 218 219 67 67 67 67 67 67 67 67 67 67 67 67 67 67 67
67 67 240 241 242 243 244 245 247 248 249 250 67 67 67 67 67 67 67 67 67 67 67 67
67 67 266 267 269 270 271 272 273 274 275 276 67 67 67 67 67 67 67 67 67 67 67 67
67 67 293 294 295 296 297 298 299 300 302 303 67 67 67 67 67 67 67 67 67 67 67 67
67 67 319 320 321 322 324 325 326 327 328 67 67 67 67 67 67 67 67 67 67 67 67 67
67 67 347 348 349 350 351 352 353 354 355 67 67 67 67 67 67 67 67 67 67 67 67 67
67 67 67 67 375 376 377 378 380 67 67 67 67 67 67 67 67 67 67 67 67 67 67 67
67 67 67 67 402 403 404 405 406 67 67 67 67 67 67 67 67 67 67 67 67 67 67 67
67 67 67 67 67 67 67 67 67 67 67 67 67 67 67 67 67 67 67 67 67 67 67 67
67 67 67 67 67 67 67 67 67 67 67 67 67 67 67 67 67 67 67 67 67 67 67 67
67 67 67 67 67 67 67 67 67 67 67 67 67 67 67 67 67 67 67 67 67 67 67 67
67 67 67 67 67 67 67 67 67 67 67 67 67 67 67 67 67 67 67 67 67 67 67 67
