12 12 12 12 12 12 12 62 12 12 12 12 12 12 12 12 12 12 12 12 12 12 12 12 12 12 12 12 12 12 12 12          
12 62 12 12 12 12 12 61 12 23 34 34 34 34 34 34 34 34 34 34 34 34 34 34 34 34 34 34 34 34 56 12          
12 61 12 5 6 30 12 12 12 63 1 1 1 1 1 1 1 1 1 1 1 1 2 3 1 1 1 1 1 1 64 12          
12 7 8 9 10 11 13 12 12 65 2 2 2 2 3 1 1 1 1 1 1 64 62 63 1 1 1 1 1 1 64 12          
12 14 15 16 17 18 19 12 12 12 12 12 12 12 63 1 1 1 1 1 1 64 61 63 1 1 1 1 1 1 64 12          
12 20 21 22 24 25 26 12 12 41 42 43 12 62 63 1 1 1 1 1 1 1 34 45 1 1 1 1 1 1 64 12          
12 27 28 29 31 32 33 12 12 44 46 47 12 61 63 1 1 1 1 1 1 1 1 1 1 1 1 1 1 1 64 62          
12 35 36 37 38 39 40 12 12 12 12 12 12 12 63 1 1 1 1 1 1 1 1 1 1 1 1 1 1 1 64 61          
12 12 12 12 12 12 12 12 23 34 34 34 34 34 45 1 1 1 1 1 1 1 1 1 1 1 1 1 1 1 64 12          
12 12 12 62 12 23 34 34 45 1 1 1 1 1 1 1 1 1 1 1 1 1 1 1 1 1 1 1 1 1 64 12          
12 12 12 61 12 63 1 1 1 1 1 1 1 1 1 1 1 1 1 1 2 2 2 3 1 1 1 1 1 1 64 12          
12 12 23 34 34 45 1 1 1 1 1 1 1 1 1 1 1 1 1 64 12 12 62 63 1 1 1 1 1 1 64 12          
12 12 63 1 1 1 1 1 1 1 1 1 1 1 1 1 1 1 1 64 12 12 61 63 1 1 1 1 1 1 64 12          
12 23 45 1 2 2 2 2 2 2 3 1 1 1 1 1 1 1 1 64 12 62 12 63 1 1 1 1 1 1 64 12          
12 63 1 64 12 62 12 12 62 12 63 1 1 1 1 1 1 1 1 64 12 61 12 63 1 1 1 1 1 1 64 12          
12 63 1 64 12 61 12 12 61 12 63 1 1 1 1 1 1 1 1 1 34 34 34 45 1 1 1 1 1 1 64 12          
12 63 1 1 56 34 34 34 34 34 45 1 1 1 1 1 1 1 1 1 1 1 1 1 1 1 1 1 1 1 64 12          
12 63 1 1 1 1 1 1 1 1 1 1 1 1 1 1 1 1 1 1 1 1 1 1 1 1 1 1 1 1 64 12          
12 63 1 1 1 1 1 1 1 1 1 1 1 1 1 1 1 1 1 1 1 1 1 1 1 1 1 1 1 1 64 62          
62 63 1 1 1 1 1 1 1 1 1 1 1 1 1 1 1 1 1 1 1 1 2 1 1 1 1 1 1 1 64 61          
61 63 1 1 1 1 1 1 1 1 1 1 1 1 1 1 1 1 1 1 1 64 62 63 1 1 1 1 1 1 64 12          
12 63 1 1 1 1 1 1 1 1 1 1 1 1 1 1 1 1 1 1 1 64 61 63 1 1 1 1 1 1 64 12   
12 63 1 1 1 1 1 1 1 1 1 1 1 1 1 1 1 1 1 1 1 1 34 45 1 1 1 1 1 1 64 12 
12 63 1 1 1 1 1 1 1 1 1 1 1 1 1 1 1 1 1 1 1 1 1 1 1 1 1 1 1 1 64 12
62 65 2 3 1 1 1 1 1 1 1 1 1 1 1 2 3 1 1 1 1 1 1 1 1 1 1 1 1 1 64 12
61 12 62 63 1 1 1 1 1 1 1 1 1 1 64 62 63 1 1 1 1 1 1 1 1 1 1 1 1 1 64 12
12 12 61 63 1 1 1 1 1 1 1 1 1 1 64 61 63 1 1 1 1 1 1 1 1 1 1 1 1 1 64 12
62 12 12 63 48 49 50 51 1 1 1 1 1 1 1 34 45 1 1 1 1 1 1 1 1 1 1 1 1 1 64 12
61 23 34 45 52 53 54 55 1 1 1 1 1 1 1 1 1 1 1 1 1 1 1 1 1 1 1 1 1 1 64 12
12 63 1 1 57 58 59 60 1 1 1 1 1 1 1 1 1 1 1 1 1 1 1 1 1 1 1 1 1 1 64 12
12 65 2 2 2 2 2 2 2 2 2 2 2 2 2 2 2 2 2 2 2 2 2 2 2 2 2 2 2 2 4 12
12 12 12 12 12 12 12 12 12 12 12 12 12 12 12 12 12 12 12 12 12 12 12 12 12 12 12 12 12 12 12 12