32 21 41 46 21 37 42 47 22 40 40 40 41 37 43 47 40 45 29 23 4 6 9 18 18 18 18 18 18 22 50 50
33 37 42 48 50 38 43 48 40 16 22 37 43 47 44 49 40 31 29 23 11 1 1 18 18 18 18 18 18 30 40 50
34 38 43 48 50 39 44 49 37 43 47 38 43 48 45 22 40 23 29 2 11 1 1 18 18 18 18 18 18 40 16 22
35 39 44 49 50 22 45 40 38 43 48 38 43 48 22 40 31 29 29 2 13 5 1 18 18 18 18 18 18 40 17 50
32 40 41 46 30 30 22 40 38 43 48 39 44 49 40 40 31 22 4 10 4 9 1 18 18 18 18 18 30 40 40 50
32 40 43 48 22 40 40 40 39 44 49 40 40 40 31 22 26 28 11 1 9 1 18 18 18 18 18 50 50 16 22 50 
40 40 43 48 40 29 19 40 19 45 22 40 22 30 29 28 2 2 11 1 1 1 18 18 18 30 50 22 50 17 50 50
40 19 45 49 40 19 30 32 40 40 40 29 29 29 2 28 28 4 9 1 1 18 18 18 18 22 50 50 50 50 50 50
32 19 22 33 22 32 28 2 29 40 19 29 2 2 0 0 0 5 1 1 18 18 18 18 18 40 16 50 50 34 22 50
19 40 22 32 28 4 6 10 4 6 6 6 10 2 15 15 15 9 18 18 18 18 18 18 18 40 17 50 22 35 50 50
28 40 40 32 4 9 1 12 9 1 1 1 12 6 15 15 15 18 18 18 18 18 18 18 50 50 50 50 50 50 50 16
19 19 2 2 13 1 1 1 1 1 1 1 1 18 15 15 15 18 18 18 18 18 18 30 22 16 50 50 22 50 50 17 
2 4 6 10 6 1 1 1 1 1 18 18 18 18 15 15 15 18 18 18 18 18 50 50 50 17 50 41 50 50 22 50
4 9 5 1 1 1 1 18 18 18 18 18 18 18 15 15 15 18 18 18 18 23 50 50 50 50 50 17 50 50 50 22 
13 5 1 1 1 1 18 18 18 18 18 18 18 18 15 15 15 18 18 18 8 31 50 22 50 22 50 50 50 22 50 50
6 9 18 18 18 18 18 18 18 18 18 18 18 18 15 15 15 18 1 8 2 31 50 50 21 50 41 50 50 50 41 50
1 18 18 18 18 18 18 18 18 18 18 18 18 18 15 15 15 1 8 2 2 31 21 21 22 38 43 48 21 37 48 48
18 18 18 18 18 18 18 18 18 18 18 18 1 1 15 15 15 8 2 2 2 30 21 22 22 38 43 48 16 37 44 48
18 18 18 18 18 18 18 30 3 5 1 3 3 3 15 15 15 23 20 20 25 30 22 21 21 21 44 21 17 21 45 21
18 18 18 18 50 50 30 25 2 13 8 2 2 2 15 15 15 21 21 16 21 21 21 21 22 21 45 21 21 41 21 22
18 18 30 16 50 22 50 16 20 20 24 20 20 24 15 15 15 21 22 17 21 36 41 46 22 21 21 21 38 43 48 21
18 30 22 17 50 16 21 17 21 21 21 21 21 21 21 15 15 21 21 21 21 37 42 47 21 21 41 21 38 43 48 21
30 21 16 21 21 17 21 21 21 22 36 21 21 16 21 21 21 21 21 21 21 38 43 48 30 38 43 48 21 44 21 38
21 21 17 21 30 21 21 22 36 41 46 21 21 17 22 21 30 21 21 16 22 39 44 49 21 38 44 48 22 45 21 37
22 21 21 22 34 21 30 21 37 43 48 21 21 30 30 21 21 21 22 17 30 21 45 21 42 21 45 41 21 41 22 21
21 41 21 30 35 21 21 30 38 42 48 21 41 21 21 41 30 21 41 21 21 34 22 38 42 48 38 43 48 17 22 38 
37 43 48 21 41 21 41 21 39 44 49 37 43 48 38 42 48 21 42 41 21 35 16 38 42 48 22 44 17 21 38 38
39 44 49 38 42 48 44 49 41 45 21 38 42 47 38 42 48 37 43 43 48 41 17 21 44 21 21 41 21 16 21 44
21 45 22 21 44 37 42 48 43 47 16 41 44 30 21 44 21 22 38 42 38 42 48 22 45 21 38 43 48 17 21 45
22 21 21 34 45 41 44 38 43 48 43 43 43 21 34 21 41 21 45 44 39 43 49 34 36 41 38 44 48 22 30 16 
16 21 42 35 38 43 48 39 44 49 38 44 48 30 35 41 17 21 21 45 30 44 21 35 38 43 48 45 30 34 21 17 
17 38 42 48 38 42 48 21 45 21 30 45 21 21 38 42 48 21 22 21 21 45 21 21 38 43 48 22 21 35 21 22
