0 0 0 0 0 0 0 0 0 0 0 0 0 0 0 0 0 0 0 0 0 0 0 0 
0 0 0 0 0 0 0 0 0 0 0 0 0 0 0 0 0 0 0 0 0 0 0 0 
0 0 0 0 0 490 501 512 0 0 0 0 0 0 0 0 536 537 538 540 541 0 0 0 
0 0 0 0 0 552 553 555 0 0 0 0 0 0 0 0 562 563 566 567 568 569 570 571 
0 0 0 0 3 5 6 7 8 9 10 0 0 0 0 0 0 0 18 19 20 21 22 23 
0 0 0 28 29 31 32 33 34 36 37 38 39 0 0 0 0 0 44 45 47 48 49 50 
51 51 51 54 55 58 59 60 61 62 63 64 65 51 51 51 51 51 71 72 73 74 75 76 
51 78 80 81 82 51 51 51 51 51 51 51 51 51 51 51 51 51 51 51 51 51 51 51
51 105 106 51 51 51 51 51 51 51 51 51 51 51 51 51 51 51 51 51 51 51 51 51 
51 132 133 51 51 51 51 51 51 51 51 51 51 51 51 51 51 51 51 51 51 51 51 51 
51 159 160 51 51 51 51 51 51 51 51 51 51 51 199 200 202 203 51 51 51 51 51 51 
51 51 51 51 51 51 51 51 51 51 51 51 225 51 227 228 229 230 51 232 51 51 51 51  
51 51 51 51 51 51 51 51 51 51 51 51 251 252 253 254 255 256 258 259 51 51 51 51 
51 51 51 51 51 51 51 51 51 51 51 51 277 51 280 281 282 283 284 285 51 51 51 51 
51 51 51 51 51 51 51 51 51 51 51 51 304 305 306 307 308 309 310 311 51 51 51 51 
51 51 51 51 51 51 51 51 51 51 51 51 330 331 332 333 336 337 338 339 51 51 51 51 
51 51 51 51 295 296 51 51 51 51 51 51 358 359 360 361 362 363 364 365 51 51 51 51 
51 51 51 51 321 322 324 51 51 51 51 51 51 51 51 51 51 51 51 51 51 51 51 51 
51 51 347 348 349 350 351 352 51 51 51 51 51 51 51 51 51 51 51 51 51 51 51 51 
51 51 373 374 375 376 377 378 51 51 51 51 51 51 51 51 51 51 51 51 51 51 51 51 
51 51 51 51 402 403 404 51 51 51 51 51 51 51 51 51 51 51 51 51 51 51 51 51 
51 51 51 51 51 51 51 51 51 51 51 51 51 51 51 51 51 51 51 51 51 51 51 51 
51 51 51 51 51 51 51 51 51 51 51 51 51 51 51 51 51 51 51 51 51 51 51 51 
51 51 51 51 51 51 51 51 51 51 51 51 51 51 51 51 51 51 51 51 51 51 51 51