0 0 0 0 0 0 0 0 0 0 0 0 0 0 0 0 0 0 0 0 0 0 0 0
0 0 0 0 0 0 124 125 126 0 0 0 0 0 0 0 127 128 0 129 130 0 0 0
0 0 0 0 0 0 131 132 133 0 0 0 0 0 0 0 134 135 136 137 138 139 140 141
0 0 0 142 1 0 0 0 0 0 0 0 0 0 0 0 0 0 5 6 7 8 9 10
0 0 0 0 11 0 0 0 12 13 14 15 16 17 18 19 0 0 0 20 21 22 23 24
25 25 25 26 27 25 25 25 28 29 30 31 32 33 34 35 25 25 36 37 38 39 40 41
25 42 43 25 25 25 25 25 25 25 25 25 25 25 25 25 25 25 25 25 25 25 25 25
25 48 49 25 25 25 25 25 25 25 25 25 25 25 25 25 25 25 25 25 25 25 25 25
25 50 51 25 25 25 25 25 25 25 25 25 25 25 25 25 25 25 25 25 25 25 25 25
25 52 53 25 25 25 25 25 25 25 25 25 25 25 25 25 25 25 25 25 25 25 25 25
25 25 25 25 25 25 25 25 25 25 25 25 25 25 25 25 25 25 25 25 25 25 25 25
25 25 25 25 25 25 25 25 25 25 25 25 25 25 25 25 25 25 25 25 25 25 25 25
25 25 25 25 25 25 25 25 25 25 25 25 25 25 54 55 56 57 25 25 25 25 25 25
25 25 25 25 25 25 25 25 25 25 25 25 58 25 59 60 61 62 25 63 25 25 25 25
25 25 25 25 25 25 25 25 25 25 25 25 64 65 66 67 68 69 70 71 25 25 25 25
25 25 25 25 25 25 25 25 25 25 25 25 72 25 73 74 75 76 25 63 25 25 25 25
25 25 25 25 25 78 79 25 25 25 25 25 80 81 82 83 84 85 86 87 25 25 25 25
25 25 25 25 25 90 91 92 25 25 25 25 94 95 96 97 98 99 100 101 25 25 25 25
25 25 25 102 103 104 105 106 107 25 25 25 108 109 110 111 112 113 114 115 25 25 25 25
25 25 25 116 117 118 119 120 121 25 25 25 25 25 25 25 25 25 25 25 25 25 25 25
25 25 25 25 25 122 123 25 25 25 25 25 25 25 25 25 25 25 25 25 25 25 25 25
25 25 25 25 25 25 25 25 25 25 25 25 25 25 25 25 25 25 25 25 25 25 25 25
25 25 25 25 25 25 25 25 25 25 25 25 25 25 25 25 25 25 25 25 25 25 25 25
25 25 25 25 25 25 25 25 25 25 25 25 25 25 25 25 25 25 25 25 25 25 25 25
