42 5 22 35 42 42 42 42 42 42 42 5 22 35 42 42 42 42 42 42 42 42 11 37 42 42 42 42 42 42 42 42 32 42 42 42 42 42 42 42 42 42 42 42 42 42 42 42 42 42 
42 11 28 37 42 42 42 42 42 42 42 42 42 42 42 42 42 42 42 42 42 42 42 42 42 42 42 42 42 42 42 42 32 42 42 42 42 42 42 42 42 42 42 42 42 42 42 42 42 42 
42 13 30 39 42 42 42 16 3 20 20 20 20 20 20 20 20 20 20 20 20 20 20 20 20 20 20 20 20 42 42 42 32 42 42 42 42 42 42 42 42 42 42 42 42 42 42 42 42 42 
42 15 32 41 5 22 35 42 12 26 26 26 26 26 26 26 26 26 26 26 26 26 26 26 26 26 26 26 36 42 42 42 32 42 42 42 42 42 42 42 42 42 42 42 42 42 42 42 42 42 
16 42 33 16 11 28 37 16 12 29 29 29 29 29 29 29 29 29 29 29 29 29 29 29 29 29 29 29 36 5 35 42 32 42 42 42 42 42 42 42 42 42 42 42 42 42 42 42 42 42 
16 16 16 16 13 30 37 16 9 29 29 29 29 29 29 29 29 29 29 29 29 29 29 29 29 29 29 29 36 42 42 42 32 42 42 42 42 42 42 42 42 42 42 42 42 42 42 42 42 42 
11 37 16 16 15 32 41 16 9 26 29 29 29 29 29 29 29 29 29 29 29 29 29 29 29 29 29 29 36 42 42 42 32 42 42 42 42 42 42 42 42 42 42 42 42 42 42 42 42 42 
16 16 16 16 16 33 16 16 9 26 29 29 29 29 29 29 29 29 29 29 29 29 29 29 29 29 29 29 36 42 42 42 32 42 42 42 42 42 42 42 42 42 42 42 42 42 42 42 42 42 
16 16 16 16 16 16 16 16 9 29 29 29 29 29 29 29 29 29 29 29 29 29 29 29 29 29 29 29 36 42 5 35 32 42 42 42 42 42 42 42 42 42 42 42 42 42 42 42 42 42 
42 42 42 16 22 35 16 16 12 29 29 29 29 29 29 29 29 29 29 29 29 29 29 29 29 29 29 29 36 42 42 42 32 42 42 42 42 42 42 42 42 42 42 42 42 42 42 42 42 42 
42 11 37 42 28 37 16 16 12 29 29 29 29 29 29 29 29 29 29 29 29 29 29 29 29 29 29 29 36 42 42 42 32 42 42 42 42 42 42 42 42 42 42 42 42 42 42 42 42 42 
42 42 42 42 32 41 16 16 12 29 29 29 29 29 29 29 29 29 29 29 29 29 29 29 29 29 29 29 36 42 42 42 32 42 42 42 42 42 42 42 42 42 42 42 42 42 42 42 42 42 
42 42 42 42 33 16 16 16 12 29 29 29 29 29 29 29 29 29 29 29 29 29 29 29 29 29 29 29 36 42 42 42 32 42 42 42 42 42 42 42 42 42 42 42 42 42 42 42 42 42 
42 42 42 42 42 42 42 16 12 29 29 29 29 29 29 29 29 29 29 29 29 29 29 29 29 29 29 29 36 42 42 42 32 42 42 42 42 42 42 42 42 42 42 42 42 42 42 42 42 42 
42 42 42 42 42 5 35 16 12 29 29 29 29 29 29 29 29 29 29 29 29 29 29 29 29 29 29 29 36 42 42 42 32 42 42 42 42 42 42 42 42 42 42 42 42 42 42 42 42 42 
42 5 22 35 42 42 42 16 12 29 29 29 29 29 29 29 29 29 29 29 29 29 29 29 29 29 29 29 36 42 42 42 32 42 42 42 42 42 42 42 42 42 42 42 42 42 42 42 42 42 
42 11 22 37 42 42 42 16 14 31 31 31 31 31 31 31 31 31 31 31 31 31 31 31 31 31 31 31 6 42 42 42 32 42 42 42 42 42 42 42 42 42 42 42 42 42 42 42 42 42 
42 13 32 39 42 42 42 16 16 16 16 16 16 16 16 5 22 35 16 16 16 16 16 16 16 16 16 16 16 42 42 42 32 42 42 42 42 42 42 42 42 42 42 42 42 42 42 42 42 42 
42 42 33 42 42 42 42 5 22 35 42 42 42 42 42 42 42 42 42 42 42 42 42 42 42 42 42 42 11 37 42 42 32 42 42 42 42 42 42 42 42 42 42 42 42 42 42 42 42 42 
42 42 42 42 42 42 42 11 22 37 42 42 5 35 42 42 42 42 42 42 13 30 42 42 42 42 42 42 42 42 42 42 32 42 42 42 42 42 42 42 42 42 42 42 42 42 42 42 42 42 
42 42 42 42 42 42 42 15 32 41 42 42 42 42 42 42 42 42 42 42 42 42 42 42 42 42 42 42 42 42 42 42 32 42 42 42 42 42 42 42 42 42 42 42 42 42 42 42 42 42 
42 42 42 42 42 42 42 42 33 42 42 42 42 42 42 42 42 42 42 42 42 42 42 42 42 5 22 35 42 42 42 42 32 42 42 42 42 42 42 42 42 42 42 42 42 42 42 42 42 42 
